403
1729
1565
363
2235
1923
144
1789
1854
1660
955
2844
2499
2141
1111
3110
2049
3752
3415
431
1864
1178
3057
184
2398
3024
3630
435
3812
2175
1259
1503
652
1827
908
1495
450
3494
2079
1056
543
2173
2782
2521
1661
301
3532
1902
1888
1145
2456
2980
3178
3204
165
2622
3786
2765
109
1057
2263
529
3625
1766
2070
30
1245
1405
686
3126
2144
660
408
1109
626
232
3309
3703
1331
2828
3516
94
255
952
3361
2165
2201
2064
3663
1781
1357
2787
927
2897
1726
1924
3581
2585
1768
1228
1108
2796
1646
1050
646
640
885
1857
2659
140
3143
1338
2513
2470
3654
2250
1443
599
1335
2138
1352
3299
2400
1522
883
1445
647
1388
2858
418
1282
1477
461
1125
675
3693
1584
1615
3002
1777
2019
1068
2685
2480
1265
1913
1636
3317
2892
273
705
127
3566
68
3448
809
3131
3470
1906
1583
3411
2074
3432
3017
1601
3180
3340
31
3277
679
2987
3298
3231
2781
2778
1863
1916
2771
1241
1022
2517
3539
3331
3622
160
2764
50
2106
3292
2943
712
310
2720
2545
3158
3750
3590
512
2929
3712
3028
3736
1218
615
3436
3355
455
1934
1604
2302
1101
3554
3668
2272
3550
158
3188
3248
900
3841
3208
2791
84
670
288
2587
1663
394
1320
1586
3460
1375
1212
2088
1580
2949
1635
1205
2029
3492
2954
3413
2155
1971
2086
1513
1700
2649
2736
3341
3243
2293
947
1640
1954
407
2730
2309
1315
2408
2087
2269
2396
1321
262
2637
690
2978
13
3807
1436
2429
3378
2661
406
1683
2260
295
1384
293
574
3600
3524
957
3610
882
143
516
3679
3823
353
1755
1157
804
2738
1303
3737
2821
3363
775
2822
2237
1263
1136
3788
3760
2884
1290
1711
3167
2340
2284
3209
3112
2445
779
3487
2448
2853
3623
521
1484
1162
187
170
2204
2430
1785
2301
1264
2553
3468
3810
3333
2258
3825
3631
2375
2621
3527
3519
2419
2219
1076
325
2280
3045
159
2032
2112
1505
3246
2837
3129
260
2647
1759
2449
2236
2344
714
1273
1127
1179
3069
1130
1276
2196
3638
1623
1234
3384
210
2724
1129
1767
3496
2873
2679
3439
1337
3518
3509
981
1540
1092
2565
2047
2202
2611
3513
717
1554
2313
3226
1963
1717
2863
2893
2944
3594
1087
112
1912
3230
1013
2556
2711
3655
596
2324
609
2117
2123
2121
2164
88
1134
3480
1657
691
2909
2651
1075
1594
2885
946
1447
2330
3169
3409
655
580
400
2278
1529
398
2799
150
895
306
1569
813
1628
2829
3699
3774
3791
1020
965
3705
99
1003
338
342
2646
3321
2528
874
531
119
928
3697
787
2739
2994
1169
1156
709
586
884
231
479
2207
1558
1389
1600
3227
2755
1638
1051
3235
2988
2482
3334
1170
3682
3733
3124
3739
1734
2546
524
606
2094
1142
3649
1938
1721
2143
2397
3560
3408
765
1567
645
1418
3364
888
1411
1299
1153
3072
553
2541
726
1960
205
2623
3146
2089
1761
881
3780
2650
2699
3155
243
1262
1542
3258
3040
790
3283
2938
307
1395
751
1191
1935
1855
629
3479
1451
5
1061
60
1737
2761
176
3569
1944
2100
2380
796
1151
3084
3085
2562
1677
1632
2205
3174
1459
416
2476
3120
459
583
3827
738
3744
3598
3018
2774
3088
1972
1132
448
1140
1694
2167
844
778
2568
879
3319
3493
3520
1042
3619
2834
142
1385
1748
1317
191
2126
2415
2468
2177
2490
2930
1329
2495
1581
476
2577
3179
1011
3272
1386
3620
2773
38
1563
3365
953
1773
2618
3164
2494
3731
3478
2941
286
3547
1330
880
1564
203
2560
3443
838
3119
2751
482
539
2743
2917
1796
1349
2966
3316
282
2697
1054
399
2292
1585
704
1561
3082
2195
2684
197
1673
2442
78
3463
3287
3675
1363
2334
1579
1430
350
424
1977
2484
2582
1247
236
2152
1063
536
2308
1689
759
3013
832
566
376
2912
2023
2952
1124
972
3574
1342
1951
1788
3792
3034
3190
703
2991
2005
3488
898
1914
64
985
2701
3008
997
2296
137
503
1892
3595
2142
1685
2392
1620
1822
186
18
82
1819
3677
3738
2337
481
2247
3325
3782
2281
1261
388
2895
265
1017
2389
2924
1670
34
2926
1860
1668
2066
1498
3597
1350
3073
1616
3491
2747
1018
3416
3357
807
3455
1883
3200
1242
728
513
1996
2052
2024
3006
3185
63
328
2643
1186
3373
2018
2843
1319
2658
1970
1713
2794
1956
920
1367
3201
3049
3500
276
2901
3249
550
2833
795
1993
2111
438
817
2703
1353
1102
2209
2082
1697
2242
2240
734
657
2741
1873
591
3702
633
1487
605
3800
2140
2132
3148
2899
1894
3629
1699
945
1933
3278
711
3387
2053
3035
442
1687
1268
934
1943
3507
14
3250
2870
1612
851
447
2038
3636
1097
1553
3289
3683
1074
3168
2784
2447
3461
504
1867
515
535
2383
2479
3447
2395
2105
3722
2835
1605
3050
983
2904
2417
2246
1442
2282
1024
2015
3068
2113
410
1113
2573
687
3372
1566
1803
1946
2547
3565
1557
2243
3764
3695
132
2148
2608
2644
1415
2510
3637
1207
86
801
3173
1492
577
1749
2669
367
458
892
2971
332
3435
3499
1401
1881
2680
42
469
1009
2359
3814
2960
2902
810
2695
1141
2228
3657
1530
1426
3756
761
221
2362
263
1229
2483
1964
2371
2411
1098
3327
1104
2700
509
1045
2753
2501
2234
650
2682
864
348
161
2298
2208
1940
2463
1428
1432
701
3335
77
2270
240
1800
362
2940
120
2524
3349
3051
156
3608
3727
3095
3109
3691
1427
2599
616
1233
1196
693
2780
1908
11
2603
762
3247
1582
390
3328
1790
1976
3612
121
2967
2323
2583
1593
2239
2522
960
2919
3152
35
1622
1369
3798
2423
2393
65
1015
781
3276
2604
3802
2866
3175
413
257
487
365
3133
1332
2538
1287
3585
1482
2253
113
3546
773
2013
3670
15
502
2725
3267
1516
3662
426
2921
2322
2624
2078
2539
3621
245
1896
1810
1258
1973
1489
2795
3121
1590
452
3291
3301
2641
3265
915
642
3723
412
608
998
584
2319
3542
933
2554
2920
632
233
75
2667
320
1886
1939
2149
3419
1550
1067
1897
3134
1453
575
858
3036
179
2259
3182
443
2595
3510
19
597
1260
2831
1637
1236
1354
2020
3678
285
2827
2559
3584
1903
2014
1647
2373
1890
1848
2825
3187
372
3758
589
967
1055
1834
2851
1182
1318
2705
3698
1619
3545
3681
1698
522
2190
3755
3611
866
3617
2377
1190
3700
986
1081
298
1470
2119
3642
421
3588
2466
1306
21
3412
2231
2716
3747
1309
1373
324
912
3816
2133
2678
3062
3326
2147
2080
114
3803
3779
2995
2592
3457
54
1988
2017
1525
1486
3003
3465
3348
3489
1398
1653
831
3746
958
1037
2918
1049
2928
2523
1798
1143
518
3215
3421
1536
1449
2211
3170
1089
2222
1630
281
538
820
2297
3462
886
2414
1334
1083
3285
3502
764
3549
1285
818
385
3570
3315
622
2596
3233
932
2896
397
1173
747
3060
3207
2187
3456
2405
3172
106
1524
2910
3442
1574
1551
2933
1805
1450
1869
1776
1598
2854
3659
2341
3831
1870
3652
6
1397
1416
2342
1123
1311
3159
2033
2996
3101
470
391
3149
3692
2420
1348
1481
1086
625
2332
467
1091
1932
1064
1002
624
2710
2537
1701
3313
1802
894
1818
3534
1040
3323
641
2069
1610
523
3476
1725
2028
3275
206
368
2433
3237
468
345
355
3485
2508
1696
551
3251
865
3330
1116
889
1764
2907
2212
990
122
1439
1962
841
91
2551
2315
1279
3543
1138
3381
3324
3165
2437
999
1929
837
2620
259
1294
1512
1984
919
329
3007
1621
147
2183
2654
2338
2151
816
2810
3796
3336
2065
2441
3568
3634
836
1281
1095
1850
921
3318
1193
1251
1301
2631
859
1715
2110
2311
3094
581
20
464
3742
803
2410
3709
867
3000
3772
2788
2634
994
1675
3371
2550
743
1053
3506
3086
3828
1746
2166
1763
2655
1077
1033
1911
1347
2955
1839
1648
1341
746
700
3769
466
2455
1987
3809
2869
2819
2936
3105
2900
2274
1370
1248
2109
1393
2368
546
3206
3366
2806
975
1786
1967
2588
3213
3395
959
3021
651
3578
1775
1079
917
611
3783
1312
3015
256
434
554
1879
2071
1304
2957
1435
3214
3118
2757
2876
3380
1743
2238
149
1216
3575
1380
3593
189
1575
2001
664
3775
1460
1880
2879
3122
3577
2432
289
3053
3676
264
449
3423
2671
1244
1514
683
110
2503
118
2745
3559
3306
2826
1959
3351
1851
2233
1059
1472
463
699
681
2750
715
1467
1345
877
2937
1744
887
217
1328
3839
3450
2059
2412
2114
1797
3759
2812
2283
2006
3427
3486
153
2841
379
557
1845
3279
1645
3338
1
1708
2257
3765
57
1821
3656
2450
2786
3696
1751
2578
1756
3536
323
1588
2598
279
3066
1133
2489
2365
2962
2329
2376
982
244
708
2775
2462
212
2979
2984
2740
491
1760
3052
2385
486
2008
1302
2050
2832
1877
3217
2609
2378
2214
3832
4
3767
1139
2034
1238
2881
3609
1374
3704
3684
3135
3715
1159
2670
2571
2137
3653
549
911
1742
3186
222
913
3379
2130
3374
2536
2593
936
783
494
2691
382
1052
2823
71
3147
612
602
3406
1891
1958
3274
2288
2702
437
595
3606
758
2161
3356
1679
2552
177
1135
3762
393
2531
1441
1457
544
148
2158
2264
1720
1545
2039
1895
587
2660
688
2688
2128
3626
359
3512
3252
3171
128
384
3749
2310
2154
1399
582
1808
3244
100
776
3193
1560
1078
3777
2709
268
3245
423
2224
2352
472
2690
2569
1853
1741
1283
1592
1110
3229
3414
623
162
771
1872
2011
3548
2589
3115
3773
1355
3651
2668
2735
2965
3426
453
2428
2594
588
3564
2391
1391
1284
284
1991
540
1400
1387
1611
3735
1158
3490
1907
950
1649
1473
2179
1782
389
283
3589
2221
1975
674
3218
3484
2815
1624
1254
2683
1676
2544
3472
3714
3199
1417
1246
1394
3688
3332
2486
1758
905
3322
2328
1278
1458
1313
1253
2760
3529
763
2346
2605
405
2530
3813
1644
930
2818
852
857
1578
237
2353
901
136
3556
2616
601
834
1555
341
457
3211
190
1597
2127
2454
1856
2265
3305
2567
1809
656
2610
2172
180
829
2785
207
1691
3753
823
251
1858
484
2931
3296
2974
93
971
3102
392
2526
2970
1568
1928
67
250
2950
3307
849
287
1577
2295
2570
1310
661
2093
3382
1038
2251
1499
2759
1931
1340
2581
2335
2096
861
387
1887
2168
2586
151
2675
1277
238
1664
517
1909
1414
3394
1541
211
414
2942
2542
1296
107
1175
2404
3680
710
2600
2505
673
2262
814
2836
2498
1899
1088
1559
1474
2271
489
2350
134
2662
2601
576
3106
1181
3587
2145
1952
713
1501
3669
3260
1609
1032
2464
1298
340
3076
1356
3369
1440
3614
3014
2136
1112
2714
3048
3145
2727
749
10
3522
2630
3139
3232
427
2532
1099
66
3077
1479
2809
2645
671
918
2779
2509
756
1682
117
1069
3130
72
1527
996
695
3220
1974
1456
76
216
3721
548
3151
1146
684
627
1811
1980
1096
2689
954
249
3751
579
3103
1511
1705
1001
496
511
129
3397
2737
2515
314
1271
3063
1176
16
3282
253
573
1712
213
1149
2030
2733
3781
3646
2563
2975
1815
2184
2198
2533
1969
1168
1183
8
1406
1323
3111
2210
3047
3098
3070
1046
1044
3613
1425
2575
351
3444
3453
1722
2934
3498
2036
696
1602
3804
440
827
2403
3240
3644
989
1240
3557
1678
3236
2606
806
3080
2506
826
3404
839
3710
2713
79
1358
3690
181
3720
373
729
1420
1187
1361
2638
1625
2704
1446
2872
1552
732
1403
1255
196
80
3599
224
108
1223
3708
3541
3601
490
2304
3269
395
3718
2512
444
2519
2057
1475
317
2708
3701
2060
2275
296
1837
2046
792
2732
498
541
2956
343
1419
199
3725
460
1506
2883
2527
2859
3771
2992
630
52
3058
2983
828
89
123
3264
2816
154
1544
802
1716
3039
3667
3517
1188
1377
1295
2982
124
2615
3505
62
2469
2772
1131
2642
3504
1200
562
1434
2203
2413
1073
2327
3219
1036
3402
3811
92
603
3396
2010
3359
719
1150
2213
2343
1293
3090
2860
2273
1792
1500
812
111
3295
354
3030
634
2925
951
3824
2607
299
3228
1060
1999
3113
1728
1307
2458
1220
2422
639
3719
1249
1237
1603
2814
3400
716
964
969
2946
1654
1533
520
2830
768
1390
567
1219
1163
3092
2402
2241
3417
377
1556
1629
2694
201
246
1252
2797
569
404
552
3797
1379
3196
3483
2409
3459
868
1438
3429
2230
2356
2888
291
73
2566
3434
2875
1314
2249
2477
3801
1424
3766
46
1454
2491
3707
1876
70
3840
1012
1509
53
788
200
555
741
782
528
2639
3790
3724
3544
1274
135
1177
1250
451
2438
3097
3270
439
1305
3100
2511
923
3604
1165
2457
309
3793
2388
141
193
3074
2424
600
984
1949
1642
786
976
3081
2444
2009
3022
2218
3054
3242
2037
878
3046
3795
1429
1562
558
1806
1532
3602
662
1816
446
3367
1272
3526
3388
297
3344
1885
2232
381
1528
3686
219
974
2048
2453
2186
2516
2399
797
1771
1490
610
2948
2718
1546
3624
2798
2381
1945
1672
3563
824
420
2124
1288
49
1378
3029
2076
3360
1226
58
2406
672
1007
1795
475
2254
733
2540
1871
845
2401
941
1202
1804
462
3216
3837
2625
3410
2200
3573
241
2115
3454
168
811
1494
872
3377
594
2372
3238
292
3425
3645
1031
1778
3734
822
425
961
258
2194
1171
1431
3716
3392
2558
3552
318
364
1174
3154
780
808
1925
2407
1901
252
171
3280
1669
1080
1754
3403
1336
2004
43
2360
2326
2997
3424
3016
2225
441
3163
2850
2882
195
507
24
2947
2180
1209
1225
402
3241
497
228
1832
962
1515
1686
893
1289
980
386
1461
229
1618
777
2728
3352
2108
96
1026
360
2865
2387
2157
2056
2369
2525
1376
3256
2085
1733
1719
3142
1745
346
1868
3117
619
1968
2792
1655
2951
1466
3096
25
3817
621
248
1950
1107
1204
564
1783
1739
499
578
819
2
3192
271
727
1021
2277
869
2268
2440
477
3253
1738
2572
3345
3717
3830
2969
3420
102
2820
2092
753
131
663
847
2169
1681
871
2742
1595
2817
356
618
593
3104
2351
2922
1791
3026
2314
2990
3407
638
1920
2754
1039
3562
2170
1703
3551
620
1747
1693
290
1407
1221
1235
330
1905
1480
1787
116
3582
3197
1010
1521
1195
166
3302
69
409
748
1510
2768
1043
2286
1665
598
1072
1105
682
1371
3194
3730
2496
3592
3561
931
1961
2139
1572
873
1780
979
1488
347
2839
689
3
760
2481
2325
45
2366
3189
2976
1688
2849
2426
164
2041
2767
208
2061
1631
2867
1838
1983
74
3768
2557
1989
55
331
863
493
3525
3153
302
2316
1526
3477
183
805
2174
1825
454
1793
2590
876
3376
2467
2529
3835
3464
3205
3329
39
722
3661
1070
3794
1922
2473
1823
3770
3660
1090
1189
1794
1160
2846
966
2091
2348
1517
1724
1875
2561
3043
3437
1813
1599
2307
2159
308
755
3819
3438
2027
3799
227
1192
1084
2803
547
3511
1836
2062
791
731
3001
303
3431
3658
2861
2717
3838
2635
337
3641
2673
3615
3789
2698
2677
3347
1537
3743
2783
1198
3553
2051
3075
3166
2439
637
694
2163
3501
371
1286
668
3027
2248
1185
3567
1591
1507
3648
1957
2744
850
1094
3339
125
2206
2192
821
1409
3311
2891
1291
1120
1504
2676
924
2431
653
1365
2880
1762
542
3666
2176
280
3495
3042
2355
1463
378
1383
3056
2279
483
146
277
2927
2267
1256
1936
1493
1000
1706
321
383
815
474
1093
1997
2597
2488
433
565
3643
401
3806
1539
2451
2973
2125
2443
3259
429
505
1115
29
799
1327
2789
304
2612
3354
1028
1408
339
1519
2729
1772
556
3445
1842
2518
3140
2999
2602
2189
1243
3515
2977
1995
3342
2790
3141
3616
3012
1128
2762
103
1966
1820
3531
495
537
2580
2613
1518
1280
1652
3288
968
2619
862
3815
3808
1714
785
2300
3482
1840
667
1965
2847
2886
2188
3729
1041
2134
1266
3303
1937
2672
3020
1757
3391
3195
1921
3741
2801
3138
3558
840
1210
1799
3579
1343
2156
1998
902
798
138
2103
3370
1990
3091
3399
2026
3093
3160
3647
155
3184
685
1224
1948
1900
41
2276
471
3297
2095
3441
3271
1232
2077
1137
336
2769
1065
2084
3203
2320
1955
3607
1917
1727
101
1927
2223
3528
428
2000
1359
1476
2855
571
631
2805
182
560
2653
617
3418
152
3572
3290
1570
506
2317
676
2427
2932
2016
2731
2220
2535
204
754
267
2628
702
7
2543
1215
261
1364
225
2721
1589
294
3787
3586
1531
2985
1437
2421
1893
944
1852
897
157
1535
2178
1874
3161
3596
669
3358
319
1325
2961
2107
3067
2549
909
2656
855
311
1882
3672
2063
2416
1413
2471
1006
2153
3266
1981
2347
2131
1023
526
2842
2425
272
1656
3458
1707
3401
315
234
3820
532
2384
2118
2394
1366
2021
2707
1199
3375
430
1351
2770
1025
1523
1695
665
585
361
1732
628
991
23
2058
1203
1774
81
725
2908
1549
2446
2075
745
2083
2162
3833
3223
3685
2475
432
1573
326
2629
3732
1462
375
3239
2758
3687
188
2081
352
2664
3041
1710
1468
2856
3212
3386
2120
789
2043
643
1126
1633
480
2953
973
1740
2129
3064
415
2945
3728
2722
3474
2777
305
2044
1027
2746
254
3475
1828
174
3254
178
1230
3150
